41297955
41340213
41350512
41369155
41393637
41399715
41502380
41503778
41537947
41596733
41643746
41657209
41670195
41691303
41693611
41732098
41747955
41825623
41830197
41830495
41836845
41851588
41876147
41888636
41900834
41900935
41912199
41931692
41939653
41948989
41957317
41969291
41972171
41978521
41992713
41999064
42005509
42019563
42033062
42039187
42041098
42047106
42067124
42079624
42082393
42083648
42084657
42088509
42089905
42090972
42104419
42112372
42131335
42133282
42139049
42139577
42141519
42163728
42177023
42181314
42186071
42191094
42191498
42194775
42198365
42201600
42202956
42204138
42208350
42220470
42231062
42240733
42247059
42262460
42286536
42297436
42308770
42314776
42344898
42344901
42346634
42346846
42363030
42367771
42370082
42372782
42376866
42377011
42384964
42390709
42404644
42409798
42419628
42420332
42422714
42427208
42433375
42440790
42448437
42457532
42459241
42463211
42464053
42472067
42479398
42480000
42482974
42487388
42488675
42492164
42497846
42499402
42501238
42504065
42507504
42519797
42522480
42522487
42522529
42522774
42523983
42524831
42533212
42536885
42540023
42543448
42545602
42547477
42552595
42555067
42555075
42555079
42555081
42555537
42558790
42563042
42564794
42565330
42568089
42568489
42573454
42576419
42577288
42577425
42579249
42581417
42583969
42584086
42587407
42590198
42591095
42591175
42593668
42598823
42601936
42602014
42618212
42621332
42626542
42633246
42637676
42645350
42646636
42660434
42661716
42661770
42683998
42687559
