26896604
33931882
34670329
35403812
35654783
36316673
36326029
36399634
36450591
36553426
36603130
36940616
36993823
37132129
37243382
37536351
37964544
38102193
38217258
38219790
38277016
38339011
38463820
38674157
38742728
38751498
39078961
39432296
39474015
39895987
39908010
39955086
39971005
40120678
40135409
40138547
40332990
40342827
40356530
40408794
40434466
40455648
40484284
40524702
40563605
40591380
40632084
40633016
40682276
40696007
40700305
40703817
40731848
40771366
40818557
40819690
40881098
40891611
40893615
40953406
40993896
40993900
40993901
41001873
41049505
41063807
41079924
41089136
41093137
41177552
41179671
41191489
41212979
41218901
41263229
41334298
41334961
41381354
41386960
41408393
41425953
41436498
41475972
41477337
41482134
41534805
41567907
41569898
41700592
41739835
41765171
41801587
41895846
41937442
41964519
41984109
41994791
41999293
42011192
42063767
42072718
42074117
42136006
42137566
42198233
42200737
42210589
42212883
42260794
42263182
42326553
42328096
42355998
42406787
42432897
42463304
42480648
42484521
42498083
42523804
42528362
42553724
42575301
42604682
42615797
42615802
42629179
42679926
42680557
