24175400
25006719
25482871
25542094
25584909
25645542
25931325
26012985
26239452
26308331
26428945
26454361
26457448
26547214
26598956
26617291
26777100
26792414
26808004
26836729
26967382
27223113
27268421
27497276
27525671
27578076
27635033
27690741
27714851
27778477
27956146
28139263
28165826
28169015
28249150
28277826
28290136
28366479
28478972
28503712
28547386
28553077
28555328
28604121
28646393
28652155
28654711
28658541
28668106
28674469
28703903
28708993
28845523
28853956
28861617
28887947
28895959
28933010
28970084
28987493
28990423
29063435
29091379
29098604
29122151
29169558
29182975
29191053
29193016
29237258
29238761
29248518
29248519
29249252
29260094
29312544
29315479
29320765
29353026
29410014
29416367
29422431
29429506
29433635
29451112
29470609
29471919
29472119
29498038
29503598
29524262
29537454
29545264
29557246
29589656
29622380
29630150
29659645
29725983
29750772
29753033
29785811
29808418
29870461
29878606
29906525
29939132
29977237
30005097
30027349
30058384
30092324
30093077
30095475
30159581
30167653
30171358
30179979
30181845
30182182
30186024
30194992
30211823
30216151
30246906
30278478
30296535
30338546
30372706
30401319
30407206
30433838
30464078
30488542
30501539
30548724
30598172
30601075
30619628
30627621
30628496
30628518
30653240
30679974
30693618
30717578
30729499
30768375
30785362
30787245
30791102
30815760
30825336
30825533
30829809
30850043
30851191
30873757
30881583
30885752
30914699
30919315
30933446
30933448
30945835
30959559
30962700
30980485
30991456
31021399
31026869
31037315
31042259
31056788
31066001
31099402
31105944
31109652
31123339
31132923
31145194
31145810
31158390
31166620
31178231
31179791
31182684
31187925
31190731
31210470
31218914
31230264
31230370
31231591
31233177
31252032
31261222
31261951
31270775
31286499
31291386
31306557
31308337
31318324
31352589
31364023
31374300
31407311
31424712
31437869
31441782
31442084
31444793
31449914
31474543
31483439
31493365
31505056
31505066
31509236
31514420
31515578
31517666
31524352
31535057
31543428
31554632
31562940
31564057
31577341
31593343
31595499
31596502
31603635
31606479
31606872
31625221
31631717
31639238
31641952
31643386
31647347
31664753
31675394
31681828
31690295
31690400
31693077
31693426
31701537
31721316
31723106
31728936
31749159
31766073
31786154
31789489
31823222
31829527
31838750
31864429
31876900
31888394
31903911
31909149
31914819
31917498
31932274
31964499
31985517
31991016
31994421
31995838
31997736
32003247
32007360
32015973
32045153
32050818
32076895
32084290
32086792
32092216
32095497
32096596
32099414
32100586
32101256
32102112
32104006
32105426
32125741
32135208
32155280
32157553
32158216
32179945
32183179
32184610
32207198
32208940
32209864
32219519
32228187
32229281
32240527
32249095
32265139
32281445
32311803
32318104
32320001
32323259
32339362
32344789
32347763
32348036
32355092
32360519
32362061
32365237
32375958
32378300
32379943
32382467
32412211
32424957
32426016
32435023
32438781
32439390
32442020
32458536
32467806
32472465
32476149
32485210
32489345
32489715
32490817
32492087
32499033
32507066
32511738
32519223
32521566
32525769
32530345
32533873
32536629
32548920
32554823
32555122
32556344
32557382
32558511
32564976
32574587
32599878
32602761
32607738
32607924
32613649
32615169
32617839
32621690
32633446
32640132
32641259
32645632
32666644
32673880
32691892
32692977
32699634
32703039
32711801
32714676
32720530
32726553
32730675
32739313
32741227
32776305
32776586
32779323
32779378
32789996
32793843
32801940
32818591
32822481
32822798
32824992
32826648
32830463
32849633
32856123
32856595
32867653
32882092
32884748
32892674
32893393
32915172
32926175
32926462
32935079
32935496
32943257
32944024
32946967
32957324
32962676
32968566
32969489
32969750
32989751
33000465
33000503
33001140
33012322
33017108
33029817
33038471
33045848
33047298
33062619
33074181
33074565
33078990
33099796
33104116
33104117
33128337
33138725
33140290
33143506
33156550
33165005
33172122
33175219
33188136
33200955
33205485
33222559
33232538
33233866
33239998
33240390
33253386
33273230
33273236
33275064
33282108
33289987
33292019
33304976
33310981
33315229
33332697
33332865
33333295
33347600
33350863
33377547
33380928
33382444
33390269
33401279
33426747
33428978
33430628
33443824
33453450
33459728
33477153
33481203
33483337
33484582
33491884
33504973
33523410
33538044
33557637
33559859
33588666
33591542
33595883
33600915
33610558
33644103
33644104
33651467
33655423
33657668
33658822
33662453
33667539
33685604
33710614
33711179
33712985
33717370
33725337
33725800
33728583
33730377
33731985
33735876
33742710
33744356
33749838
33751751
33761207
33769900
33795561
33797094
33807098
33807704
33815789
33826132
33826474
33834521
33838838
33844308
33844417
33851078
33866573
33866905
33870531
33871362
33871424
33878856
33889195
33894014
33894325
33898680
33898684
33899152
33912642
33924978
33934410
33954933
33960047
33964871
33966304
33969522
33978100
33978711
33981166
33991374
33999579
34001568
34001717
34003519
34012301
34013539
34018694
34023008
34023009
34037253
34037298
34037993
34043018
34043252
34046851
34048591
34076879
34103945
34106037
34114910
34126094
34132660
34134707
34142350
34151695
34152613
34152670
34155602
34155694
34159738
34169703
34175862
34176407
34177514
34179322
34189218
34202315
34213742
34241938
34246205
34253801
34257642
34261335
34270797
34272754
34275122
34275694
34276083
34282867
34283454
34303467
34310749
34313019
34315323
34321929
34328514
34347860
34358343
34361924
34379541
34387279
34390128
34392600
34396421
34398987
34403658
34405829
34405831
34405837
34406366
34406619
34406620
34406631
34409326
34409381
34409391
34410205
34416294
34417579
34423443
34427891
34431510
34435584
34437922
34446954
34448201
34449906
34455413
34460948
34462689
34462864
34472171
34475772
34482550
34486254
34486258
34486260
34495603
34510403
34515353
34521750
34523731
34530431
34532635
34532636
34532638
34533820
34540860
34549488
34553800
34556244
34560194
34572281
34575076
34593266
34594115
34600033
34604321
34608625
34609462
34609537
34618162
34620047
34626023
34633064
34636512
34636516
34637142
34637151
34638722
34642091
34643956
34647194
34647354
34655234
34688290
34698371
34704230
34704942
34710866
34714527
34720031
34721386
34726262
34726270
34735321
34737108
34743361
34743366
34755964
34755978
34758685
34767181
34775830
34778498
34779063
34799224
34806137
34807428
34807480
34815171
34821976
34828623
34843182
34846636
34856015
34858001
34875493
34876623
34897582
34900210
34905073
34909707
34909737
34910086
34918342
34919093
34920828
34928552
34933583
34935619
34943362
34948183
34953055
34962052
34983111
34988493
34991429
34994968
35015914
35023315
35024236
35024237
35029349
35032695
35038377
35041213
35044007
35048522
35059267
35061234
35078645
35080304
35081305
35081849
35083493
35083774
35083945
35085819
35086348
35088348
35094480
35097179
35098318
35100490
35103361
35115035
35118128
35122335
35127078
35128157
35133105
35146480
35170381
35170520
35170524
35174052
35174593
35181280
35182548
35194901
35207586
35210803
35218275
35220632
35222408
35223191
35224748
35226304
35238115
35240144
35242969
35243667
35254758
35254760
35255779
35259535
35261333
35262646
35274879
35275334
35278283
35279856
35280851
35287230
35288275
35293977
35296105
35297025
35307242
35308529
35316850
35318974
35327681
35330989
35338674
35340733
35342978
35344588
35344634
35346880
35350765
35350959
35354410
35355217
35355606
35357060
35366968
35377276
35378901
35391535
35393631
35398945
35402441
35412530
35412683
35421298
35434859
35435125
35435637
35439608
35442467
35442530
35444421
35447647
35450314
35460570
35462358
35462428
35478478
35479518
35484697
35490395
35503162
35503163
35532896
35533031
35535633
35536445
35538596
35543919
35543920
35558086
35567488
35567671
35569006
35569129
35573014
35575257
35587593
35590038
35590407
35608635
35620572
35636689
35640774
35644531
35648139
35651609
35657197
35659797
35665208
35666661
35670324
35670327
35671038
35671128
35674510
35679017
35680538
35685998
35695074
35696987
35699028
35701182
35702658
35703018
35703351
35714786
35716185
35722925
35726185
35730479
35731078
35734823
35735991
35743344
35743415
35743438
35746582
35747049
35747444
35753667
35757782
35763326
35769328
35786802
35793471
35795795
35795833
35796377
35815904
35818735
35818736
35821555
35829641
35831167
35834124
35837880
35842249
35843520
35844573
35854650
35856769
35857179
35863467
35866910
35871680
35871814
35876397
35878738
35890180
35895603
35895855
35922025
35922713
35925206
35927543
35928520
35931626
35933552
35947364
35950124
35964299
35966849
35967348
35980214
35983924
35984627
35986480
35986664
35987486
35989284
35989340
35996152
36000004
36001310
36006169
36013001
36013338
36017279
36028611
36028787
36035412
36045562
36046941
36051735
36058723
36063279
36064654
36064828
36065552
36082590
36084766
36088634
36108923
36113697
36116481
36124378
36125089
36125529
36125777
36130766
36152216
36153663
36160495
36161848
36162801
36169355
36173402
36177732
36181718
36184619
36185549
36189576
36195170
36207461
36214355
36219047
36219058
36219538
36225088
36227462
36240731
36243937
36255569
36256761
36267353
36268606
36269503
36269504
36270978
36271804
36286909
36294530
36295105
36301752
36318387
36322072
36335413
36341398
36355314
36359393
36362483
36377632
36387062
36387959
36387965
36401761
36403606
36403719
36408603
36411004
36412059
36415388
36420598
36420885
36429017
36432643
36457683
36457692
36462097
36463420
36467009
36468736
36468956
36473633
36481378
36512175
36514996
36524532
36525340
36527432
36529811
36534318
36543197
36546346
36546446
36547219
36550628
36553635
36556367
36556910
36564878
36569854
36571701
36573170
36597714
36599893
36605204
36606551
36610660
36617589
36619624
36621910
36622797
36626228
36630140
36639612
36647778
36653940
36655064
36656509
36657040
36657434
36660960
36662631
36672173
36681073
36688263
36689531
36695072
36695942
36702801
36702810
36704877
36705509
36705657
36705936
36709473
36713411
36721993
36723913
36724039
36726353
36732052
36736457
36738405
36745366
36745376
36745377
36745433
36747484
36749121
36750457
36751339
36754548
36756674
36763412
36763716
36763728
36763761
36763856
36763878
36763879
36763884
36767285
36769820
36769838
36779675
36780951
36788789
36790724
36794894
36797599
36798857
36798973
36799867
36800177
36802049
36805053
36808602
36809172
36810032
36815666
36820709
36822353
36830772
36839707
36839890
36839897
36840396
36842474
36842916
36846564
36848281
36848918
36848919
36848955
36854134
36856013
36856388
36858155
36865877
36883801
36884218
36890685
36894196
36905481
36912484
36914982
36916105
36917522
36917539
36920778
36922463
36927393
36934403
36937029
36944819
36946306
36948491
36958520
36968828
36976838
36983107
36983191
36983203
36984542
36988167
36994947
36995919
36997108
36999560
37000107
37001174
37009430
37011607
37012527
37026876
37032440
37032446
37036183
37043227
37047166
37071375
37072648
37074705
37077807
37088954
37089754
37089829
37091550
37092275
37094084
37097547
37098171
37098906
37100035
37108720
37111517
37119871
37121713
37122507
37123319
37143399
37150301
37152103
37153326
37153599
37154265
37156985
37158349
37163257
37163452
37168482
37168913
37169293
37169576
37170653
37170922
37172898
37176743
37177895
37180768
37182063
37184290
37185825
37186170
37189381
37194577
37195407
37200480
37203177
37205852
37212737
37213005
37214438
37219501
37225469
37225614
37225932
37226395
37230366
37232215
37240520
37245505
37247226
37247942
37250007
37254941
37254967
37266844
37270763
37272353
37275804
37290670
37294921
37300760
37306600
37310063
37310643
37314719
37315812
37318750
37318771
37319109
37322324
37332021
37332971
37335885
37343845
37345379
37349237
37356075
37357541
37358706
37369546
37374201
37375841
37377458
37387639
37392363
37400981
37401031
37401345
37404010
37410552
37431111
37439317
37442378
37449324
37453538
37455359
37469225
37469572
37478296
37480432
37482564
37485732
37488727
37495552
37496489
37506977
37522351
37522635
37525472
37526039
37527055
37527229
37528500
37529963
37533618
37543792
37546700
37547036
37548395
37552431
37554517
37558218
37560382
37562034
37566480
37580895
37589796
37597261
37598014
37600726
37600734
37601418
37604229
37610613
37610789
37622193
37624488
37624925
37629411
37638036
37641759
37641871
37644849
37647114
37650197
37650357
37654660
37658223
37658831
37660986
37663167
37663886
37664977
37665111
37667719
37667972
37669868
37674383
37678577
37680146
37682422
37684078
37685259
37695504
37695812
37700510
37701007
37702168
37705378
37707560
37711220
37715466
37727760
37731014
37731552
37731747
37736359
37743698
37750994
37751779
37752637
37753208
37764680
37779518
37780793
37781860
37795665
37800349
37801232
37801527
37801534
37804249
37804473
37810952
37818828
37820425
37822402
37828706
37831594
37834935
37837270
37843763
37850366
37850777
37851433
37851456
37858860
37858861
37859375
37860723
37864486
37869024
37870261
37871801
37877023
37883648
37888582
37888917
37892713
37897645
37897946
37903208
37903395
37906120
37906654
37908412
37915726
37916349
37917285
37927655
37929636
37930093
37930745
37937411
37939514
37939793
37943240
37943241
37946797
37949351
37950426
37951309
37953857
37953978
37954855
37955186
37962859
37965272
37965779
37967668
37972138
37984057
37988255
37988298
38006372
38008067
38011313
38013381
38018272
38018382
38025319
38029848
38031478
38031681
38034366
38034798
38035567
38037822
38038233
38041556
38047267
38050615
38053199
38053665
38054328
38058123
38058206
38061705
38073228
38073560
38074921
38081155
38082089
38085296
38089016
38090791
38092396
38092413
38096354
38097389
38105393
38108208
38108300
38108653
38124526
38127188
38127318
38137325
38140898
38141197
38145707
38149692
38149911
38149974
38151479
38152869
38156808
38159007
38159837
38161245
38164871
38169057
38174384
38175364
38180365
38186219
38189411
38189448
38189530
38193289
38194047
38197326
38199282
38204456
38213263
38216005
38216802
38226937
38231347
38236526
38240111
38245639
38249247
38253128
38256686
38256950
38263709
38267692
38270319
38272373
38276210
38282878
38282880
38282886
38282887
38283424
38284131
38284784
38292582
38294794
38296523
38297496
38297930
38297936
38298750
38303143
38306127
38308453
38317432
38323500
38332535
38333897
38334798
38337572
38343072
38345292
38348724
38350816
38353963
38357010
38362228
38366176
38371662
38375189
38379385
38388870
38397282
38403554
38407422
38414066
38414708
38418367
38419687
38425152
38433352
38439732
38441984
38444845
38446396
38448287
38460679
38464512
38470213
38474389
38477474
38482457
38487164
38488239
38492561
38493053
38493690
38494153
38495913
38502760
38507442
38507958
38509380
38509808
38512115
38523270
38525942
38528257
38531691
38533363
38541676
38541703
38551439
38554232
38554937
38560522
38563683
38563820
38565563
38570087
38574267
38577056
38585501
38587232
38587252
38588818
38590314
38591168
38594991
38603575
38603859
38607195
38607726
38610073
38610641
38610745
38613642
38616484
38623049
38625674
38627102
38628626
38632138
38633304
38648932
38650307
38651189
38653344
38653561
38653607
38656240
38661491
38662529
38666916
38669092
38675479
38679419
38683094
38687283
38695023
38695939
38696027
38696620
38697950
38699896
38700646
38708991
38716582
38719170
38724042
38724791
38725323
38727495
38727633
38730044
38733124
38735650
38735810
38739473
38743155
38743462
38745653
38748840
38752592
38752701
38763966
38773888
38774339
38777937
38778894
38784925
38785749
38785953
38796276
38797168
38804086
38812522
38819652
38820959
38820963
38826623
38839072
38840319
38841235
38842180
38846697
38846700
38847375
38848870
38855811
38855893
38857764
38860563
38872493
38878020
38878041
38881978
38883166
38888681
38892346
38896380
38896828
38899260
38899688
38903518
38908432
38913354
38918174
38922484
38928687
38934228
38939121
38950159
38954384
38957084
38957642
38961790
38969173
38972581
38973570
38985486
38985902
38986055
38988357
38997821
38999383
39002092
39002563
39003392
39007411
39008024
39009229
39009804
39012535
39015045
39015397
39015403
39018058
39018121
39023404
39024597
39027698
39031274
39031980
39032788
39037922
39038586
39039360
39043675
39044673
39046661
39048775
39058673
39064029
39064040
39067461
39069839
39072802
39077906
39078584
39080841
39085148
39093208
39093288
39093486
39097196
39101303
39104652
39104653
39105881
39110139
39110432
39111594
39116944
39119011
39119322
39119679
39122503
39122513
39123054
39124825
39129394
39137288
39139304
39142926
39147994
39148480
39148538
39152529
39157196
39158477
39161703
39162764
39163276
39166365
39172209
39173884
39175817
39176469
39177378
39178993
39182689
39185064
39187014
39193341
39200305
39201826
39202212
39202657
39203933
39212958
39214920
39218355
39221836
39236226
39248292
39249591
39250163
39251029
39253106
39257480
39258033
39265658
39267577
39277874
39278714
39279042
39282615
39291931
39298765
39299467
39300482
39306032
39309693
39310604
39310904
39311694
39312340
39315780
39318611
39320302
39323043
39325652
39332980
39337910
39340076
39340963
39343173
39344158
39349183
39355727
39357651
39360077
39361494
39362623
39363512
39368873
39370612
39378322
39379428
39381449
39387178
39388584
39389429
39389612
39389711
39396818
39400316
39405928
39406018
39412782
39419511
39420803
39425593
39425924
39428630
39431731
39435345
39435568
39438067
39441580
39442013
39446652
39449187
39451560
39454859
39463216
39466919
39467941
39470166
39470878
39476813
39487715
39489506
39493085
39495073
39501849
39502691
39507180
39509156
39511481
39512341
39515522
39520977
39521279
39522957
39525758
39529307
39531322
39539087
39540895
39542353
39545373
39546252
39551509
39555081
39555311
39558725
39564523
39567198
39568752
39575618
39582448
39588375
39589036
39589785
39592133
39598368
39600395
39607831
39610670
39611144
39613098
39613228
39616021
39620818
39621227
39622691
39623757
39624768
39625230
39628371
39629076
39632710
39632756
39634513
39636193
39636571
39638723
39640454
39641601
39644368
39647706
39651370
39652913
39657020
39660821
39666267
39668419
39668908
39672377
39673366
39680511
39681271
39681861
39686603
39687273
39687758
39688544
39693468
39694724
39698911
39707640
39715989
39729342
39733934
39733939
39742272
39743694
39744776
39755144
39757933
39758219
39758935
39761965
39761970
39777027
39792264
39802504
39810497
39812942
39817474
39818381
39820896
39821857
39827864
39832678
39833567
39834978
39837578
39838263
39848584
39855345
39862316
39863059
39864749
39866339
39867699
39868612
39868832
39870387
39878832
39880172
39882609
39887685
39894672
39898768
39899459
39900351
39901963
39902922
39903335
39906475
39907080
39909768
39910505
39913228
39916502
39917426
39918744
39920358
39924195
39927851
39930311
39930312
39932721
39936572
39936606
39936607
39937135
39937140
39937264
39937935
39939577
39946701
39953372
39954042
39954862
39968100
39969783
39974306
39976781
39977111
39986987
39992210
39992967
39994105
39995892
39997051
39997341
40004820
40011984
40019451
40026924
40028832
40036347
40042725
40044335
40045152
40047224
40058571
40058584
40059465
40061429
40064568
40066750
40067043
40073212
40074775
40075768
40077977
40078859
40080322
40081761
40085349
40085811
40087231
40089058
40093951
40095170
40097336
40098530
40103206
40106597
40110833
40114762
40114776
40116210
40116983
40130939
40135176
40142885
40144870
40148208
40151542
40151702
40151746
40152261
40159283
40161158
40164817
40165566
40170656
40171049
40172062
40176741
40177449
40178000
40178834
40180127
40180128
40184520
40186050
40186636
40187533
40192965
40197038
40197393
40214004
40217936
40219560
40219685
40223460
40225313
40232593
40234297
40237172
40241901
40242149
40242789
40246083
40248987
40251869
40252783
40258603
40258718
40263098
40264378
40264610
40267900
40270359
40271985
40274710
40283062
40288538
40290565
40291282
40293104
40296865
40298144
40300847
40302003
40304648
40309734
40315563
40317605
40322378
40322884
40327575
40328418
40334148
40334916
40338484
40338695
40339460
40342245
40344321
40344324
40347980
40348613
40349527
40353095
40357285
40360966
40362473
40363984
40364058
40364473
40365795
40366066
40366491
40368249
40369852
40370216
40372094
40375583
40377867
40383540
40385464
40385617
40388089
40391095
40395576
40397621
40400137
40403168
40407924
40415482
40417894
40418285
40428884
40429478
40432597
40435582
40436117
40441387
40442566
40446914
40447099
40456762
40457140
40458251
40459711
40459712
40462855
40470558
40474541
40483369
40485504
40485866
40487493
40487737
40491654
40492692
40498636
40504959
40507644
40509989
40518414
40519867
40525846
40528669
40528978
40531067
40531497
40536414
40537179
40538092
40538523
40538525
40538782
40541282
40542686
40547409
40549127
40552105
40552479
40555305
40555600
40556751
40557973
40562170
40567507
40569545
40571968
40575074
40576262
40578600
40579667
40580139
40581082
40584946
40586117
40588287
40600051
40602386
40616363
40621291
40625127
40627583
40634801
40637344
40645621
40646412
40658277
40660399
40661111
40662227
40662440
40663228
40665146
40667850
40673627
40681936
40682242
40689675
40691414
40693656
40695149
40698830
40704381
40704968
40705211
40705699
40708237
40710015
40710856
40711944
40711950
40721559
40722576
40725651
40725743
40728232
40730273
40730984
40735660
40736779
40737470
40738245
40739850
40741721
40742073
40744633
40746560
40747966
40751489
40754333
40760594
40760904
40762415
40763919
40767400
40767793
40770124
40771447
40771803
40772496
40774800
40779440
40780661
40785403
40786353
40787046
40788764
40790423
40791758
40794374
40794522
40799158
40817988
40820589
40824158
40828954
40831621
40831866
40832875
40833352
40835132
40836376
40843371
40850651
40861471
40862297
40862508
40864813
40866217
40869553
40874800
40875187
40879371
40880757
40884161
40885310
40886831
40886833
40886838
40888535
40895395
40895907
40898756
40899320
40900410
40902654
40906354
40907760
40916993
40920033
40922723
40922830
40926537
40926538
40932280
40933636
40933957
40939757
40939925
40944086
40944929
40948377
40948577
40949149
40955031
40955032
40955300
40958675
40959436
40965184
40971025
40971133
40974167
40981274
40985295
40985307
40985485
40986238
40987931
40990093
40992399
40993471
40995476
40999478
41001391
41021843
41023527
41024670
41025570
41025643
41032398
41032493
41037533
41039888
41040012
41041873
41055300
41059397
41060490
41060674
41061123
41063533
41064313
41070324
41071522
41078411
41080260
41080583
41081535
41084301
41088593
41099236
41099301
41102077
41102518
41103002
41110687
41111453
41118053
41128136
41131441
41131453
41136093
41142057
41143227
41146883
41155460
41155917
41160040
41163262
41164098
41164897
41167262
41171785
41171800
41171808
41173425
41173429
41178404
41178654
41181501
41181864
41189248
41189516
41190054
41191016
41194686
41206702
41207389
41210306
41212510
41217071
41220199
41222135
41226626
41226767
41235218
41238969
41239194
41239921
41239935
41240207
41247178
41248766
41248845
41251331
41253388
41255603
41256070
41256336
41257120
41258746
41261990
41262267
41262785
41269446
41272364
41273031
41277505
41287445
41288926
41291177
41293323
41295217
41296263
41297379
41301837
41303888
41306112
41310412
41312325
41312680
41313134
41320020
41324996
41331718
41335331
41342123
41346302
41348396
41349685
41349726
41350756
41351749
41357247
41357518
41365846
41368041
41369176
41377118
41377285
41386443
41390943
41391702
41392588
41393061
41393119
41393577
41398686
41399674
41401055
41403263
41408860
41410194
41413320
41415831
41416230
41416232
41420589
41420795
41431707
41435984
41440493
41444371
41446716
41448402
41450135
41454520
41457434
41458354
41458638
41460564
41461536
41462779
41464561
41466122
41466898
41478500
41481132
41482273
41486954
41489176
41489415
41491444
41497942
41503869
41504136
41508895
41512585
41517611
41518320
41525295
41526778
41531105
41531377
41533220
41535410
41539329
41540729
41542312
41549349
41550682
41552152
41553700
41553701
41556641
41561197
41562046
41563707
41574792
41577662
41585823
41591698
41591740
41595738
41597476
41608924
41609895
41610843
41611123
41611262
41618061
41619222
41619248
41626198
41630213
41635230
41640480
41640813
41641262
41641664
41642140
41642443
41642555
41645692
41648094
41648097
41649146
41649180
41649700
41649792
41652607
41655105
41670214
41670770
41673463
41674211
41682798
41688025
41688027
41693602
41694663
41700643
41700667
41700696
41705342
41707671
41710882
41716804
41722866
41723774
41724439
41729435
41729754
41730179
41733816
41738789
41743397
41748503
41751266
41753061
41753212
41753336
41766259
41769853
41773149
41774324
41779754
41780600
41782873
41790345
41800711
41804998
41806270
41808822
41808830
41809919
41811426
41811631
41812971
41814601
41814921
41814992
41821352
41822476
41823146
41827153
41830903
41831623
41833921
41839012
41841670
41846824
41853463
41858312
41858600
41859822
41862987
41866666
41866894
41868536
41881104
41883629
41884322
41884725
41885167
41887576
41891841
41895450
41903018
41903092
41903714
41903719
41909532
41909533
41914420
41919337
41923962
41926052
41933791
41935810
41938994
41940565
41943859
41948252
41948753
41949508
41951328
41952559
41958110
41958569
41966276
41967816
41969170
41969186
41969290
41969750
41981844
41988153
41996013
41996019
41999070
41999446
42004082
42005507
42005508
42006632
42007107
42008449
42010987
42011641
42014530
42018850
42019909
42021721
42021979
42027418
42033115
42033119
42033314
42033591
42039188
42039526
42043489
42047411
42050311
42056375
42057242
42058418
42058838
42060163
42062651
42082123
42084697
42084698
42094859
42095284
42095824
42100982
42101337
42101561
42101617
42109544
42109547
42109552
42110142
42112622
42117199
42119021
42126659
42132049
42134418
42135900
42137486
42138359
42141354
42141697
42142274
42143645
42148088
42148105
42148141
42152691
42154371
42154942
42162528
42163520
42163822
42165315
42166416
42168711
42170037
42171683
42177735
42178831
42181854
42183692
42186432
42187316
42189026
42194695
42195032
42204890
42208626
42209106
42209112
42210700
42213297
42219153
42220252
42220541
42220857
42222682
42223041
42223292
42229679
42231096
42232978
42234320
42235034
42235603
42236460
42237357
42237768
42240630
42241636
42242375
42244089
42244272
42252930
42256596
42257230
42257481
42257983
42262262
42263817
42264379
42265872
42266148
42266404
42270460
42272192
42272194
42276866
42278672
42281173
42282925
42289185
42302923
42302974
42307887
42309223
42309693
42311574
42311706
42312463
42315763
42324216
42327780
42328000
42328984
42329514
42335868
42337920
42338593
42338628
42339200
42343498
42347758
42348162
42348752
42351377
42356139
42356447
42359476
42360589
42360591
42360696
42360862
